19748,19745,19718,19739,19741,19743,82796,19720,19746,19747,19742,19740,19744,46741,72845,19698,19700,19703,19697,19699
19701,19702,19684,19679,19682,19683,19687,19685,19680,19686,19688,19681,94270,46738,46743,80714,19719,19729,19728,19730
19732,19731,19735,19738,19737,19733,19734,19736,46739,19723,19726,19722,19727,19724,19725,19710,19713,19709,19711,19712
19714,46736,24341,24345,24343,24358,24344,24342,24350,24347,24348,24346,24351,24349,24276,24272,24274,24277,24273,24275
24356,24353,24354,24352,24355,24357,48805,36059,24288,24286,24285,24289,24287,24284,24299,24298,24300,24297,24296,24363
24282,24279,24283,24280,24281,24278,24294,24295,24290,24291,24292,24293,37897,73034,44941,74328,83103,71641,74202,24335
24331,24334,24333,24332,75648,24309,24308,24306,24307,24310,24314,24315,24311,24313,24312,24316,24320,24317,24318,24319
24324,24325,24322,24321,24323,43773,89271,24330,24328,24327,24326,24329,24339,24337,24336,24340,24338,24304,24301,24305
67832,24302,24303,70842,68942,75015,75857,71049,71428,43792,43786,43787,43782,43784,43790,43789,43794,43781,43783,43788
43791,43785,43796,43797,43795,43793,43780,43855,43847,43857,43845,43851,43849,43853,43856,43854,43852,43862,43846,43860
43859,43850,43858,43844,43861,43848,71075,74671,77087,74101,71794,73960,74321,73045,71073,73740,75779,72666,71836,72308
72015,71919,73927,73198,47088,73000,73576,72395,76287,70581,75740,71768,76641,73959,75575,76756,74122,71864,76928,73284
73054,72064,71548,75826,43864,43863,43865,71654,76704,73962,23040,23043,19986,19721,46681,19750,19924,19704,66670,75075
6736,21695,21691,21690,21694,21693,21692,21683,21679,21681,21680,21682,21678,43556,41737,43553,41736,41733,41734,43555
43552,43554,24234,41735,22331,21661,80681,21667,21668,79213,21664,21670,79790,21689,21688,21684,21685,21686,21687,21654
21658,21656,21653,21655,21657,21675,21669,21674,21673,21672,21671,21677,21676,22329,22326,22327,22330,22325,22328,74693
21666,21659,21660,21665,21663,21662,79138,79079,79423,82488,66637,24872,8868,67371,67367,77632,36077,96762,9473,21262
12535,67368,96088,9440,36084,8878,97105,9287,12484,12386,12437,96793,36080,12144,97690,12510,36074,91751,12506,12329
12534,19789,8576,12536,77112,12330,21260,12156,82678,82991,77256,82642,12258,12249,12328,12519,12128,12155,12458,12254
12503,12421,12512,12502,12517,12235,12241,12147,12334,12136,12138,12141,12142,12245,12163,12159,12427,12337,36041,12537
12514,24359,12505,12271,95942,67379,36081,8855,8873,8867,8852,8865,8869,19757,12358,82866,12250,77648,12135,77699
12511,12145,12370,12545,12335,12243,12248,12247,12134,12240,12488,74471,77012,72602,74371,76819,71962,73643,76109,75437
73043,72933,72740,76937,75971,70484,77178,74201,74115,74879,75226,70575,74062,76286,72262,71494,71425,19920,19913,15475
23202,15272,25974,14443,14661,15314,97723,14493,11103,14577,13899,10684,10635,10579,10544,15433,11760,11271,11886,11229
13983,12351,77651,77567,9476,43449,43451,24773,66650,67528,77569,9443,9461,8920,76165,66930,9293,24360,9349,9281
9344,12229,72437,71686,72391,84416
71425,23202,97773,96084,96620,97482,15314,96545,97580,96030,97723,96825,96175,97674,15433,97398,97429,97263,95629,13906,10579