82991,19750,12156,77256,82642,24359,87289,12145,12142,12163,12328,12331,12504,12546,12339,86997,12252,82866,12158,82541
12545,12144,12138,12467,12511,12137,12153,12236,12136,12134,24360,12449,12258,12534,12249,12519,12128,12155,12458,12254
12503,12421,12335,12243,12248,12247,12240,12135,12488,12512,12502,12517,12235,12241,12147,12334,12141,12245,12159,12427
12337,36041,36077,12537,12514,12386,12505,8576,12271,95942,12330,12370,24277,77651,77567,9476,43449,19685,9443,43451
24773,66650,67528,9461,77569,8920,19748,19729,19700,19745,19732,24341,24350,24276,24356,24288,24299,24282,24294,24358
24351,24357,24289,24300,24283,24295,24335,24334,24331,24332,24333,24309,24324,24314,24304,24339,24329,24319,24330,24315
24320,24325,24310,24340,24305,76165,66930,9293,9349,9281,19730,19741,24344,24348,24354,24274,24286,24298,24307,9344
24343,12229,19684,9440,19701,74090,71331,76164,76084,77064,19725,74825,75698,76179,19721,72391,72437,71686,15433,12333
43859,43850,43853,43857,43856,43844,43858,43849,43861,43851,43846,43855,43845,43862,43860,43854,43852,43848,43847,67367
74321,73927,71919,73045,73198,72015,71836,77087,72666,73740,73960,72308,75779,74101,74671,71073,71794,71075,76641,71864
71548,75740,73959,73000,72395,76756,73284,70581,72064,74122,71768,73576,76928,75575,75826,76287,73054,43793,12506,74202
77112,96084,19731,21678,24342,43782,24355,71641,19728,19734,73034,97105,82488,21654,71428,19743,24296,19720,10635,21263
22331,43553,43795,80681,24273,24281,71425,79213,21691,74693,19704,21665,10579,80714,8865,24287,19986,43786,79138,74328
21661,23043,41734,43792,46736,13983,24280,12234,21689,24301,46738,74879,71962,10684,12250,24327,12510,21681,9473,19742
41735,97429,21663,12358,43552,8873,22326,24321,66933,70484,71654,14493,19683,19688,24328,36081,21677,12351,19709,15272
48805,75437,19679,21673,21679,77699,21655,79079,21682,11103,82796,96088,6736,22328,19724,19735,75015,19744,21686,43863
8869,24322,12535,19723,46739,22330,24316,74371,82678,21683,24279,96545,19789,36084,19697,19718,96793,97482,24346,24338
67377,96175,97398,47088,96620,66670,12437,84416,43865,8852,24336,19757,13906,21693,25974,24284,94270,12329,41737,97773
21694,77632,19739,13899,8878,46743,70575,43789,72740,73643,24337,24285,97690,66637,8867,24302,67371,11229,21688,21662
22325,24297,76819,19924,24345,72602,21656,75226,19710,21675,22327,19722,72933,19747,21653,24303,43796,97580,24872,43797
24272,67379,11760,89271,77648,96762,79423,83103,74115,43555,43773,77630,14661,15475,19698,19727,19687,24347,95629,97674
19712,24293,73043,24318,97263,21695,67368,1242,15314,19686,21674,74062,19680,24278,10544,19920,21660,19702,21684,24312
41736,43864,12484,24353,75971,21657,67832,19681,68942,76937,43781,21672,24306,77178,19740,21670,37897,43785,24349,24317
19736,19703,23040,24311,24323,36080,71049,21687,21680,74471,75648,77012,22329,74201,21666,21658,96825,21262,79790,19711
8868,36074,43556,96030,19699,43791,19738,97723,24308,12536,24290,43780,43784,19719,91751,24326,21690,21668,21671,41733
14577,21676,44941,19714,43554,43787,76109,36059,43783,21685,24292,76704,71494,21260,19913,73962,24275,43794,24352,11886
21659,75857,21667,76286,19713,24363,24313,43788,21692,75075,9287,19682,8855,21669,11271,21664,19746,23202,24234,12253
14443,24291,43790,46741,19733,46681,70842,72845,19726,72262,19737,75654,12398,12419,8880,75241,8821,15356,76491,9278
36076,9280,71069,21161,71225,8837,8870,74947,9341,9381,84731,20323,74982,20316,9366,87528,73113,9325,43357,36038
85016,12178,9289,9335,9276,81837,12238,68634,68646,8874,97982,12342,9371,95663,9277,83008,9271,9282,9365,9301
9285,12246,77604,9275,9295,9266,9333,9373,9298,24474,13459,13417,13501,72686,75574,76138,73104,75616,70957,73988
73265,24521,45928,14654,72579,97075,12290,45915,45941,74476,72667,73404,89098,89103,89140,89141,89182,89258,89216